6 0 0 0 0 0 
6 0 0 0 0 0 
6 0 0 0 0 0 
6 0 0 0 0 0 
6 0 0 0 0 0 
6 0 0 0 0 0 
6 0 0 0 0 0 
6 0 0 0 0 0 
6 0 0 0 0 0 
6 0 0 0 0 0 
6 0 0 0 0 0 
6 0 0 0 0 0 
6 0 0 0 0 0 
6 0 0 0 0 0 
6 0 0 0 0 0 
6 0 0 0 0 0 
6 0 0 0 0 0 
6 0 0 0 0 0 
6 0 0 0 0 0 
6 0 0 0 0 0 
6 0 0 0 0 0 
6 0 0 0 0 0 
6 0 0 0 0 0 
6 0 0 0 0 0 
6 0 0 0 0 0 
6 2 2 2 2 2 
6 2 2 2 2 2 
6 0 2 2 2 2 
6 2 2 2 2 2 
6 2 2 2 2 2 
6 2 2 2 2 2 
6 2 2 2 2 2 
6 0 2 2 2 2 
6 2 2 2 2 2 
6 2 2 2 2 2 
6 0 2 2 2 2 
6 0 2 2 2 2 
6 0 2 2 2 2 
6 0 2 2 2 2 
6 0 2 2 2 2 
6 2 2 2 2 2 
6 2 2 2 2 2 
6 0 2 2 2 2 
6 2 2 2 2 2 
6 2 2 2 2 2 
6 0 2 2 2 2 
6 0 2 2 2 2 
6 0 2 2 2 2 
6 0 2 2 2 2 
6 0 2 2 2 2 
6 1 0 0 0 2 
6 1 0 0 0 2 
6 1 0 0 0 2 
6 1 0 0 0 2 
6 1 0 0 0 2 
6 1 0 0 0 2 
6 1 1 0 0 2 
6 1 0 0 0 2 
6 1 1 0 0 2 
6 1 1 0 0 2 
6 1 0 0 2 2 
6 1 0 0 2 2 
6 0 0 0 2 2 
6 1 0 0 2 2 
6 1 0 0 2 2 
6 1 1 0 0 2 
6 1 1 0 0 2 
6 1 0 0 0 2 
6 1 1 0 0 2 
6 1 1 0 0 2 
6 1 0 0 2 2 
6 1 0 0 2 2 
6 0 0 0 2 2 
6 1 0 0 2 2 
6 1 0 0 2 2 
6 1 1 0 0 0 
6 1 1 0 0 0 
6 1 1 0 0 0 
6 1 1 0 0 0 
6 1 1 0 0 0 
6 1 1 0 0 0 
6 1 1 0 0 0 
6 1 1 0 0 0 
6 1 1 0 0 0 
6 1 1 0 0 0 
6 1 1 0 0 0 
6 1 1 0 0 0 
6 1 1 0 0 0 
6 1 1 0 0 0 
6 1 1 0 0 0 
6 1 1 0 0 0 
6 1 1 0 0 0 
6 1 1 0 0 0 
6 1 1 0 0 0 
6 1 1 0 0 0 
6 1 1 0 0 0 
6 1 1 0 0 0 
6 1 0 0 0 0 
6 1 1 0 0 0 
6 1 1 0 0 0 
6 3 1 3 3 5 
6 3 1 3 3 5 
6 3 1 3 3 5 
6 3 1 3 3 5 
6 3 1 3 3 5 
6 3 1 3 3 5 
6 3 1 3 3 5 
6 3 1 3 3 5 
6 3 1 3 3 5 
6 3 1 3 3 5 
6 3 1 3 5 7 
6 3 1 5 7 7 
6 3 1 3 5 7 
6 3 1 3 5 7 
6 3 1 5 7 7 
6 3 1 3 3 5 
6 3 1 3 3 5 
6 3 1 3 3 5 
6 3 1 3 3 5 
6 3 1 3 3 5 
6 3 1 3 5 7 
6 3 1 3 5 7 
6 1 3 3 3 5 
6 3 1 3 5 7 
6 3 1 3 5 7 
6 5 7 7 7 7 
6 5 7 7 7 7 
6 4 5 7 7 7 
6 4 5 7 7 7 
6 5 7 7 7 7 
6 4 5 7 7 7 
6 5 7 7 7 7 
6 4 5 7 7 7 
6 4 5 7 7 7 
6 5 7 7 7 7 
6 5 7 7 7 7 
6 5 7 7 7 7 
6 5 7 7 7 7 
6 5 7 7 7 7 
6 5 7 7 7 7 
6 5 7 7 7 7 
6 5 7 7 7 7 
6 4 5 7 7 7 
6 5 7 7 7 7 
6 5 7 7 7 7 
6 4 5 7 7 7 
6 5 7 7 7 7 
6 4 4 5 7 7 
6 4 5 7 7 7 
6 5 7 7 7 7 
6 3 3 3 3 5 
6 3 3 3 3 5 
6 3 3 3 3 5 
6 3 3 3 3 5 
6 3 3 3 3 5 
6 3 3 3 3 5 
6 3 3 3 5 7 
6 3 3 3 3 5 
6 3 3 3 3 5 
6 3 3 3 5 7 
6 3 3 3 5 7 
6 3 3 3 5 7 
6 3 3 3 5 7 
6 3 3 3 5 7 
6 3 3 3 5 7 
6 3 3 3 3 5 
6 3 3 3 3 5 
6 3 3 3 3 5 
6 3 3 3 3 5 
6 3 3 3 3 5 
6 3 3 3 5 7 
6 3 3 3 5 7 
6 3 3 3 5 7 
6 3 3 3 5 7 
6 3 3 3 5 7 
6 1 1 3 5 7 
6 1 1 3 5 7 
6 1 1 3 5 7 
6 1 1 3 5 7 
6 1 1 3 5 7 
6 1 1 3 5 7 
6 1 1 3 5 7 
6 1 1 3 5 7 
6 1 1 3 5 7 
6 1 1 3 5 7 
6 1 1 3 3 5 
6 1 1 3 3 5 
6 1 1 3 3 5 
6 1 1 3 3 5 
6 1 1 3 3 5 
6 1 1 3 5 7 
6 1 1 3 5 7 
6 1 1 3 5 7 
6 1 1 3 5 7 
6 1 1 3 5 7 
6 1 1 3 3 5 
6 1 1 3 3 5 
6 1 1 3 3 5 
6 1 1 3 3 5 
6 1 1 3 3 5 
6 1 1 5 7 7 
6 1 1 5 7 7 
6 1 1 5 7 7 
6 1 1 5 7 7 
6 1 1 5 7 7 
6 1 1 5 7 7 
6 1 1 5 7 7 
6 1 1 5 7 7 
6 1 1 5 7 7 
6 1 1 5 7 7 
6 1 1 5 7 7 
6 1 1 5 7 7 
6 1 1 4 5 7 
6 1 1 5 7 7 
6 1 1 5 7 7 
6 1 1 5 7 7 
6 1 1 5 7 7 
6 1 1 5 7 7 
6 1 1 5 7 7 
6 1 1 5 7 7 
6 1 1 4 5 7 
6 1 1 5 7 7 
6 1 1 4 5 7 
6 1 1 4 5 7 
6 1 1 5 7 7 
6 3 1 3 3 2 
6 3 1 3 3 2 
6 3 1 3 3 2 
6 3 1 3 3 2 
6 3 1 3 3 2 
6 3 1 3 3 2 
6 3 1 3 3 2 
6 3 1 3 3 2 
6 3 1 3 3 2 
6 3 1 3 3 2 
6 3 1 3 2 2 
6 3 1 3 2 2 
6 3 1 3 2 2 
6 3 1 3 2 2 
6 3 1 3 2 2 
6 3 1 3 3 2 
6 3 1 3 3 2 
6 3 1 3 3 2 
6 3 1 3 3 2 
6 3 1 3 3 2 
6 3 1 3 2 2 
6 3 1 3 2 2 
6 1 3 3 2 2 
6 3 1 3 2 2 
6 3 1 3 2 2 
6 0 4 4 5 7 
6 0 5 7 7 7 
6 0 4 4 4 5 
6 0 4 4 5 7 
6 0 4 5 7 7 
6 0 4 4 5 7 
6 0 4 5 7 7 
6 0 4 4 4 5 
6 0 4 4 5 7 
6 0 4 5 7 7 
6 0 4 4 4 5 
6 0 4 5 7 7 
6 0 4 4 4 5 
6 0 4 4 5 7 
6 0 4 5 7 7 
6 0 4 4 5 7 
6 0 5 7 7 7 
6 0 4 4 5 7 
6 0 4 5 7 7 
6 0 5 7 7 7 
6 0 4 4 4 5 
6 0 4 5 7 7 
6 0 4 4 4 5 
6 0 4 4 4 5 
6 0 4 5 7 7 
6 3 3 3 3 2 
6 3 3 3 3 2 
6 3 3 3 3 2 
6 3 3 3 3 2 
6 3 3 3 3 2 
6 3 3 3 3 2 
6 3 3 3 3 2 
6 3 3 3 3 2 
6 3 3 3 3 2 
6 3 3 3 3 2 
6 3 3 3 2 2 
6 3 3 3 2 2 
6 3 3 3 2 2 
6 3 3 3 2 2 
6 3 3 3 2 2 
6 3 3 3 3 2 
6 3 3 3 3 2 
6 3 3 3 3 2 
6 3 3 3 3 2 
6 3 3 3 3 2 
6 3 3 3 2 2 
6 3 3 3 2 2 
6 3 3 3 2 2 
6 3 3 3 2 2 
6 3 3 3 2 2 
6 1 1 1 1 2 
6 1 1 1 1 2 
6 1 1 1 1 2 
6 1 1 1 1 2 
6 1 1 1 1 2 
6 1 1 1 1 2 
6 1 1 1 1 2 
6 1 1 1 1 2 
6 1 1 1 1 2 
6 1 1 1 1 2 
6 1 1 1 3 2 
6 1 1 1 3 2 
6 1 1 1 3 2 
6 1 1 1 3 2 
6 1 1 1 3 2 
6 1 1 1 1 2 
6 1 1 1 1 2 
6 1 1 1 1 2 
6 1 1 1 1 2 
6 1 1 1 1 2 
6 1 1 1 3 2 
6 1 1 1 3 2 
6 1 1 1 3 2 
6 1 1 1 3 2 
6 1 1 1 3 2 
6 1 1 1 1 0 
6 1 1 1 1 0 
6 1 1 1 1 0 
6 1 1 1 1 0 
6 1 1 1 1 0 
6 1 1 1 1 0 
6 1 1 1 1 0 
6 1 1 1 1 0 
6 1 1 1 1 0 
6 1 1 1 1 0 
6 1 1 1 1 0 
6 1 1 1 1 0 
6 1 1 1 1 0 
6 1 1 1 1 0 
6 1 1 1 1 0 
6 1 1 1 1 0 
6 1 1 1 1 0 
6 1 1 1 1 0 
6 1 1 1 1 0 
6 1 1 1 1 0 
6 1 1 1 1 0 
6 1 1 1 1 0 
6 1 1 1 1 0 
6 1 1 1 1 0 
6 1 1 1 1 0 
6 3 4 3 4 3 
6 3 4 3 4 3 
6 4 3 4 3 3 
6 3 4 3 4 3 
6 3 4 3 4 3 
6 3 4 3 4 3 
6 3 4 3 4 3 
6 4 3 4 3 3 
6 3 4 3 4 3 
6 3 4 3 4 3 
6 1 3 3 3 3 
6 1 3 3 3 3 
6 1 3 3 3 3 
6 1 3 3 3 3 
6 1 3 3 3 3 
6 3 4 3 4 3 
6 3 4 3 4 3 
6 3 4 3 4 3 
6 3 4 3 4 3 
6 3 4 3 4 3 
6 1 3 3 3 3 
6 1 3 3 3 3 
6 1 3 3 3 3 
6 1 3 3 3 3 
6 1 3 3 3 3 
6 4 4 4 4 4 
6 4 4 4 5 7 
6 4 4 4 4 4 
6 4 4 4 4 4 
6 4 4 4 5 7 
6 4 4 4 4 4 
6 4 4 4 5 7 
6 4 4 4 4 4 
6 4 4 4 4 4 
6 4 4 4 5 7 
6 4 4 4 4 4 
6 4 4 4 4 5 
6 4 4 4 4 4 
6 4 4 4 4 4 
6 4 4 4 4 5 
6 4 4 4 4 4 
6 4 4 4 5 7 
6 4 4 4 4 4 
6 4 4 4 4 4 
6 4 4 4 5 7 
6 4 4 4 4 4 
6 4 4 4 4 4 
6 4 4 4 4 4 
6 4 4 4 4 4 
6 4 4 4 4 4 
6 3 3 3 3 3 
6 3 3 3 3 3 
6 3 3 3 3 3 
6 3 3 3 3 3 
6 3 3 3 3 3 
6 3 3 3 3 3 
6 3 3 3 3 3 
6 3 3 3 3 3 
6 3 3 3 3 3 
6 3 3 3 3 3 
6 3 3 3 3 3 
6 3 3 3 3 3 
6 3 3 3 3 3 
6 3 3 3 3 3 
6 3 3 3 3 3 
6 3 3 3 3 3 
6 3 3 3 3 3 
6 3 3 3 3 3 
6 3 3 3 3 3 
6 3 3 3 3 3 
6 3 3 3 3 3 
6 3 3 3 3 3 
6 3 3 3 3 3 
6 3 3 3 3 3 
6 3 3 3 3 3 
6 1 1 1 1 3 
6 1 1 1 1 3 
6 1 1 1 1 3 
6 1 1 1 1 3 
6 1 1 1 1 3 
6 1 1 1 1 3 
6 1 1 1 1 3 
6 1 1 1 1 3 
6 1 1 1 1 3 
6 1 1 1 1 3 
6 1 1 1 3 3 
6 1 1 1 3 3 
6 1 1 1 3 3 
6 1 1 1 3 3 
6 1 1 1 3 3 
6 1 1 1 1 3 
6 1 1 1 1 3 
6 1 1 1 1 3 
6 1 1 1 1 3 
6 1 1 1 1 3 
6 1 1 1 3 3 
6 1 1 1 3 3 
6 1 1 1 3 3 
6 1 1 1 3 3 
6 1 1 1 3 3 
6 1 1 1 1 1 
6 1 1 1 1 1 
6 1 1 1 1 4 
6 1 1 1 1 1 
6 1 1 1 1 1 
6 1 1 1 1 1 
6 1 1 1 1 1 
6 1 1 1 1 1 
6 1 1 1 1 1 
6 1 1 1 1 1 
6 1 1 1 1 4 
6 1 1 1 1 4 
6 1 1 1 1 4 
6 1 1 1 1 4 
6 1 1 1 1 4 
6 1 1 1 1 1 
6 1 1 1 1 1 
6 1 1 1 1 1 
6 1 1 1 1 1 
6 1 1 1 1 1 
6 1 1 1 1 4 
6 1 1 1 1 4 
6 1 1 1 1 4 
6 1 1 1 1 4 
6 1 1 1 1 4 
6 3 1 2 2 2 
6 3 1 2 2 2 
6 1 3 2 2 2 
6 3 1 2 2 2 
6 3 1 2 2 2 
6 3 1 2 2 2 
6 3 1 2 2 2 
6 1 3 2 2 2 
6 3 1 2 2 2 
6 3 1 2 2 2 
6 1 3 2 2 2 
6 1 3 2 2 2 
6 1 1 2 2 2 
6 1 3 2 2 2 
6 1 3 2 2 2 
6 3 1 2 2 2 
6 3 1 2 2 2 
6 1 3 2 2 2 
6 3 1 2 2 2 
6 3 1 2 2 2 
6 1 3 2 2 2 
6 1 3 2 2 2 
6 1 1 2 2 2 
6 1 3 2 2 2 
6 1 3 2 2 2 
6 0 0 0 4 5 
6 0 0 0 5 7 
6 0 0 0 0 5 
6 0 0 0 5 7 
6 0 0 0 5 7 
6 0 0 0 4 5 
6 0 0 0 5 7 
6 0 0 0 0 5 
6 0 0 0 5 7 
6 0 0 0 5 7 
6 0 0 0 0 5 
6 0 0 0 5 7 
6 0 0 0 0 5 
6 0 0 0 0 5 
6 0 0 0 5 7 
6 0 0 0 5 7 
6 0 0 0 5 7 
6 0 0 0 5 7 
6 0 0 0 5 7 
6 0 0 0 5 7 
6 0 0 0 0 5 
6 0 0 0 5 7 
6 0 0 0 0 5 
6 0 0 0 0 5 
6 0 0 0 5 7 
6 3 2 2 2 2 
6 3 2 2 2 2 
6 3 2 2 2 2 
6 3 2 2 2 2 
6 3 2 2 2 2 
6 3 2 2 2 2 
6 3 2 2 2 2 
6 3 2 2 2 2 
6 3 2 2 2 2 
6 3 2 2 2 2 
6 3 2 2 2 2 
6 3 2 2 2 2 
6 1 2 2 2 2 
6 3 2 2 2 2 
6 3 2 2 2 2 
6 3 2 2 2 2 
6 3 2 2 2 2 
6 3 2 2 2 2 
6 3 2 2 2 2 
6 3 2 2 2 2 
6 3 2 2 2 2 
6 3 2 2 2 2 
6 1 2 2 2 2 
6 3 2 2 2 2 
6 3 2 2 2 2 
6 1 1 1 0 2 
6 1 1 1 0 2 
6 1 1 1 0 2 
6 1 1 1 0 2 
6 1 1 1 0 2 
6 1 1 1 0 2 
6 1 1 1 0 2 
6 1 1 1 0 2 
6 1 1 1 0 2 
6 1 1 1 0 2 
6 1 1 1 2 2 
6 1 1 1 2 2 
6 1 1 1 2 2 
6 1 1 1 2 2 
6 1 1 1 2 2 
6 1 1 1 0 2 
6 1 1 1 0 2 
6 1 1 1 0 2 
6 1 1 1 0 2 
6 1 1 1 0 2 
6 1 1 1 2 2 
6 1 1 1 2 2 
6 1 1 1 2 2 
6 1 1 1 2 2 
6 1 1 1 2 2 
6 1 1 1 0 0 
6 1 1 1 0 0 
6 1 1 1 0 0 
6 1 1 1 0 0 
6 1 1 1 0 0 
6 1 1 1 0 0 
6 1 1 1 0 0 
6 1 1 1 0 0 
6 1 1 1 0 0 
6 1 1 1 0 0 
6 1 1 1 0 0 
6 1 1 1 0 0 
6 1 1 1 0 0 
6 1 1 1 0 0 
6 1 1 1 0 0 
6 1 1 1 0 0 
6 1 1 1 0 0 
6 1 1 1 0 0 
6 1 1 1 0 0 
6 1 1 1 0 0 
6 1 1 1 0 0 
6 1 1 1 0 0 
6 1 1 1 0 0 
6 1 1 1 0 0 
6 1 1 1 0 0 
6 0 0 2 2 2 
6 0 2 2 2 2 
6 0 0 2 2 2 
6 0 0 2 2 2 
6 0 2 2 2 2 
6 0 0 2 2 2 
6 0 2 2 2 2 
6 0 0 2 2 2 
6 0 0 2 2 2 
6 0 2 2 2 2 
6 0 0 2 2 2 
6 1 0 2 2 2 
6 0 0 2 2 2 
6 0 0 2 2 2 
6 1 0 2 2 2 
6 0 0 2 2 2 
6 1 2 2 2 2 
6 0 0 2 2 2 
6 1 0 2 2 2 
6 1 2 2 2 2 
6 0 0 2 2 2 
6 1 0 2 2 2 
6 0 0 2 2 2 
6 1 0 2 2 2 
6 1 0 2 2 2 
