6 0 2 2 2 2 
6 2 2 0 0 0 
6 2 2 2 0 0 
6 2 2 0 0 0 
6 2 2 0 0 0 
6 0 2 1 1 5 
6 2 1 5 7 7 
6 2 1 1 5 7 
6 2 1 1 5 7 
6 2 1 1 1 5 
6 0 0 2 1 1 
6 2 2 0 3 5 
6 2 2 0 0 3 
6 2 2 0 0 3 
6 0 2 2 1 1 
6 0 2 2 2 2 
6 2 2 0 0 0 
6 2 0 0 0 2 
6 2 0 0 0 0 
6 0 2 2 2 2 
6 1 1 1 5 7 
6 1 1 5 7 7 
6 1 1 1 5 7 
6 1 1 5 7 7 
6 1 1 1 5 7 
6 0 0 0 2 2 
6 0 0 0 0 2 
6 0 0 0 0 2 
6 0 0 0 0 2 
6 0 0 0 0 2 
6 5 7 7 7 7 
6 5 7 7 7 7 
6 5 7 7 7 7 
6 5 7 7 7 7 
6 5 7 7 7 7 
6 3 3 5 7 7 
6 3 3 3 5 7 
6 3 3 3 5 7 
6 3 3 3 5 7 
6 3 3 3 5 7 
6 0 0 0 2 2 
6 0 0 0 0 2 
6 0 0 0 0 2 
6 0 0 0 0 2 
6 0 0 0 2 2 
6 5 7 7 7 7 
6 1 5 7 7 7 
6 1 5 7 7 7 
6 1 5 7 7 7 
6 1 5 7 7 7 
6 2 2 2 2 2 
6 2 2 2 2 2 
6 2 2 2 2 2 
6 2 2 2 2 2 
6 2 2 2 2 2 
6 2 1 1 1 1 
6 2 1 1 1 1 
6 2 2 1 1 1 
6 2 2 1 1 1 
6 2 1 1 1 1 
6 2 2 2 2 1 
6 2 2 2 2 1 
6 2 2 2 2 1 
6 2 2 2 2 1 
6 2 2 2 2 1 
6 2 2 2 2 2 
6 2 2 2 2 2 
6 2 2 2 2 2 
6 2 2 2 2 2 
6 2 2 2 2 2 
6 1 1 1 1 1 
6 1 1 1 1 1 
6 1 1 1 1 1 
6 1 1 1 1 1 
6 1 1 1 1 1 
6 0 0 0 0 0 
6 0 0 0 0 0 
6 0 0 0 0 0 
6 0 0 0 0 0 
6 0 0 0 0 0 
6 0 0 3 3 3 
6 0 0 3 3 3 
6 0 0 3 3 3 
6 0 0 3 3 3 
6 0 0 3 3 3 
6 0 0 0 0 3 
6 0 0 0 0 3 
6 0 0 0 0 3 
6 0 0 0 0 3 
6 0 0 0 0 3 
6 0 0 0 0 0 
6 0 0 0 0 0 
6 0 0 0 0 0 
6 0 0 0 0 0 
6 0 0 0 0 0 
6 0 3 3 3 3 
6 1 3 3 3 3 
6 1 3 3 3 3 
6 1 3 3 3 3 
6 1 3 3 3 3 
6 0 0 0 0 0 
6 0 0 0 0 0 
6 0 0 0 0 0 
6 0 0 0 0 0 
6 0 0 0 0 0 
6 3 3 3 3 3 
6 3 3 3 3 3 
6 3 3 3 3 3 
6 3 3 3 3 3 
6 3 3 3 3 3 
6 3 3 3 3 3 
6 3 3 3 3 3 
6 3 3 3 3 3 
6 3 3 3 3 3 
6 3 3 3 3 3 
6 0 0 0 0 0 
6 0 0 0 0 0 
6 0 0 0 0 0 
6 0 0 0 0 0 
6 0 0 0 0 0 
6 3 3 3 3 3 
6 3 3 3 3 3 
6 3 3 3 3 3 
6 3 3 3 3 3 
6 3 3 3 3 3 
6 0 2 2 2 2 
6 2 2 2 0 0 
6 2 2 2 0 0 
6 2 2 2 0 0 
6 2 2 2 0 0 
6 0 2 1 1 1 
6 2 1 1 5 7 
6 2 2 1 1 5 
6 2 1 1 5 7 
6 2 1 1 1 5 
6 0 0 2 1 1 
6 2 2 0 0 3 
6 2 2 0 0 3 
6 2 2 0 0 3 
6 0 2 2 1 1 
6 0 2 2 2 2 
6 2 2 0 0 0 
6 2 2 0 0 0 
6 2 2 0 0 0 
6 0 2 2 2 2 
6 1 1 1 1 5 
6 1 1 1 5 7 
6 1 1 1 1 5 
6 1 1 1 5 7 
6 1 1 1 1 5 
6 0 0 0 2 2 
6 0 0 0 0 2 
6 0 0 0 0 2 
6 0 0 0 0 2 
6 0 0 0 2 2 
6 5 7 7 7 7 
6 5 7 7 7 7 
6 5 7 7 7 7 
6 5 7 7 7 7 
6 5 7 7 7 7 
6 3 3 5 7 7 
6 3 3 3 5 7 
6 3 3 3 5 7 
6 3 3 3 5 7 
6 3 3 5 7 7 
6 0 0 0 2 2 
6 0 0 0 0 2 
6 0 0 0 2 2 
6 0 0 0 0 2 
6 0 0 0 2 2 
6 5 7 7 7 7 
6 1 5 7 7 7 
6 1 5 7 7 7 
6 1 5 7 7 7 
6 1 5 7 7 7 
6 2 2 2 2 2 
6 2 2 2 2 2 
6 2 2 2 2 2 
6 2 2 2 2 2 
6 2 2 2 2 2 
6 2 2 1 1 1 
6 2 2 1 1 1 
6 2 2 1 1 1 
6 2 2 1 1 1 
6 2 2 1 1 1 
6 2 2 2 2 1 
6 2 2 2 2 1 
6 2 2 2 2 1 
6 2 2 2 2 1 
6 2 2 2 2 1 
6 2 2 2 2 2 
6 2 2 2 2 2 
6 2 2 2 2 2 
6 2 2 2 2 2 
6 2 2 2 2 2 
6 1 1 1 1 1 
6 1 1 1 1 1 
6 1 1 1 1 1 
6 1 1 1 1 1 
6 1 1 1 1 1 
6 0 0 0 0 0 
6 0 0 0 0 0 
6 0 0 0 0 0 
6 0 0 0 0 0 
6 0 0 0 0 0 
6 0 0 3 3 3 
6 0 0 3 3 3 
6 0 0 3 3 3 
6 0 0 3 3 3 
6 0 0 3 3 3 
6 0 0 0 0 3 
6 0 0 0 0 3 
6 0 0 0 0 3 
6 0 0 0 0 3 
6 0 0 0 0 3 
6 0 0 0 0 0 
6 0 0 0 0 0 
6 0 0 0 0 0 
6 0 0 0 0 0 
6 0 0 0 0 0 
6 0 3 3 3 3 
6 1 3 3 3 3 
6 1 3 3 3 3 
6 1 3 3 3 3 
6 0 3 3 3 3 
6 0 0 0 0 0 
6 0 0 0 0 0 
6 0 0 0 0 0 
6 0 0 0 0 0 
6 0 0 0 0 0 
6 3 3 3 3 3 
6 3 3 3 3 3 
6 3 3 3 3 3 
6 3 3 3 3 3 
6 3 3 3 3 3 
6 3 3 3 3 3 
6 3 3 3 3 3 
6 3 3 3 3 3 
6 3 3 3 3 3 
6 3 3 3 3 3 
6 0 0 0 0 0 
6 0 0 0 0 0 
6 0 0 0 0 0 
6 0 0 0 0 0 
6 0 0 0 0 0 
6 3 3 3 3 3 
6 3 3 3 3 3 
6 3 3 3 3 3 
6 3 3 3 3 3 
6 3 3 3 3 3 
6 0 2 2 2 2 
6 2 2 2 0 0 
6 2 2 2 0 0 
6 2 2 2 0 0 
6 2 2 2 0 0 
6 0 2 1 1 1 
6 2 1 1 5 7 
6 2 2 1 1 5 
6 2 1 1 1 5 
6 2 1 1 1 5 
6 0 2 2 1 1 
6 2 2 0 0 3 
6 2 2 0 0 1 
6 2 2 0 0 3 
6 0 2 2 1 1 
6 0 2 2 2 2 
6 2 2 0 0 0 
6 2 2 0 0 0 
6 2 2 0 0 0 
6 0 2 2 2 2 
6 1 1 1 1 5 
6 1 1 1 5 7 
6 1 1 1 1 5 
6 1 1 1 5 7 
6 1 1 1 1 5 
6 0 0 0 2 2 
6 0 0 0 0 2 
6 0 0 0 0 2 
6 0 0 0 0 2 
6 0 0 0 2 2 
6 5 7 7 7 7 
6 5 7 7 7 7 
6 5 7 7 7 7 
6 5 7 7 7 7 
6 5 7 7 7 7 
6 3 3 5 7 7 
6 3 3 3 5 7 
6 3 3 3 5 7 
6 3 3 3 5 7 
6 3 3 5 7 7 
6 0 0 0 2 2 
6 0 0 0 0 2 
6 0 0 0 2 2 
6 0 0 0 0 2 
6 0 0 0 2 2 
6 5 7 7 7 7 
6 1 5 7 7 7 
6 1 5 7 7 7 
6 1 5 7 7 7 
6 1 5 7 7 7 
6 2 2 2 2 2 
6 2 2 2 2 2 
6 2 2 2 2 2 
6 2 2 2 2 2 
6 2 2 2 2 2 
6 2 2 1 1 1 
6 2 2 1 1 1 
6 2 2 1 1 1 
6 2 2 1 1 1 
6 2 2 1 1 1 
6 2 2 2 2 1 
6 2 2 2 2 1 
6 2 2 2 2 1 
6 2 2 2 2 1 
6 2 2 2 2 1 
6 2 2 2 2 2 
6 2 2 2 2 2 
6 2 2 2 2 2 
6 2 2 2 2 2 
6 2 2 2 2 2 
6 1 1 1 1 1 
6 1 1 1 1 1 
6 1 1 1 1 1 
6 1 1 1 1 1 
6 1 1 1 1 1 
6 0 0 0 0 0 
6 0 0 0 0 0 
6 0 0 0 0 0 
6 0 0 0 0 0 
6 0 0 0 0 0 
6 0 0 3 3 3 
6 0 0 3 3 3 
6 0 0 3 3 3 
6 0 0 3 3 3 
6 0 0 3 3 3 
6 0 0 0 0 3 
6 0 0 0 0 3 
6 0 0 0 0 3 
6 0 0 0 0 3 
6 0 0 0 0 3 
6 0 0 0 0 0 
6 0 0 0 0 0 
6 0 0 0 0 0 
6 0 0 0 0 0 
6 0 0 0 0 0 
6 0 3 3 3 3 
6 1 3 3 3 3 
6 1 3 3 3 3 
6 1 3 3 3 3 
6 0 3 3 3 3 
6 0 0 0 0 0 
6 0 0 0 0 0 
6 0 0 0 0 0 
6 0 0 0 0 0 
6 0 0 0 0 0 
6 3 3 3 3 3 
6 3 3 3 3 3 
6 3 3 3 3 3 
6 3 3 3 3 3 
6 3 3 3 3 3 
6 3 3 3 3 3 
6 3 3 3 3 3 
6 3 3 3 3 3 
6 3 3 3 3 3 
6 3 3 3 3 3 
6 0 0 0 0 0 
6 0 0 0 0 0 
6 0 0 0 0 0 
6 0 0 0 0 0 
6 0 0 0 0 0 
6 3 3 3 3 3 
6 3 3 3 3 3 
6 3 3 3 3 3 
6 3 3 3 3 3 
6 3 3 3 3 3 
6 2 2 0 0 2 
6 2 2 2 0 0 
6 2 2 2 0 0 
6 2 2 2 0 0 
6 2 2 2 0 0 
6 0 2 1 1 5 
6 2 1 1 5 7 
6 2 1 1 1 5 
6 2 1 1 5 7 
6 2 1 1 1 5 
6 0 2 2 1 1 
6 2 2 0 0 3 
6 2 2 0 0 3 
6 2 2 0 0 3 
6 2 0 0 1 1 
6 0 2 2 2 2 
6 2 2 0 0 0 
6 2 2 0 0 0 
6 2 2 0 0 0 
6 2 0 2 2 2 
6 1 1 1 1 5 
6 1 1 1 5 7 
6 1 1 1 5 7 
6 1 1 1 5 7 
6 1 1 1 5 7 
6 0 0 0 2 2 
6 0 0 0 0 2 
6 0 0 0 0 2 
6 0 0 0 0 2 
6 0 0 0 0 2 
6 5 7 7 7 7 
6 5 7 7 7 7 
6 5 7 7 7 7 
6 5 7 7 7 7 
6 5 7 7 7 7 
6 3 3 5 7 7 
6 3 3 3 5 7 
6 3 3 3 5 7 
6 3 3 3 5 7 
6 3 3 5 7 7 
6 0 0 0 2 2 
6 0 0 0 0 2 
6 0 0 0 0 2 
6 0 0 0 0 2 
6 0 0 0 2 2 
6 5 7 7 7 7 
6 1 5 7 7 7 
6 1 5 7 7 7 
6 1 5 7 7 7 
6 1 5 7 7 7 
6 2 2 2 2 2 
6 2 2 2 2 2 
6 2 2 2 2 2 
6 2 2 2 2 2 
6 2 2 2 2 2 
6 2 2 1 1 1 
6 2 1 1 1 1 
6 2 2 1 1 1 
6 2 2 1 1 1 
6 2 2 1 1 1 
6 2 2 2 2 1 
6 2 2 2 2 1 
6 2 2 2 2 1 
6 2 2 2 2 1 
6 2 2 2 2 1 
6 2 2 2 2 2 
6 2 2 2 2 2 
6 2 2 2 2 2 
6 2 2 2 2 2 
6 2 2 2 2 2 
6 1 1 1 1 1 
6 1 1 1 1 1 
6 1 1 1 1 1 
6 1 1 1 1 1 
6 1 1 1 1 1 
6 0 0 0 0 0 
6 0 0 0 0 0 
6 0 0 0 0 0 
6 0 0 0 0 0 
6 0 0 0 0 0 
6 0 0 3 3 3 
6 0 0 3 3 3 
6 0 0 3 3 3 
6 0 0 3 3 3 
6 0 0 3 3 3 
6 0 0 0 0 3 
6 0 0 0 0 3 
6 0 0 0 0 3 
6 0 0 0 0 3 
6 0 0 0 0 3 
6 0 0 0 0 0 
6 0 0 0 0 0 
6 0 0 0 0 0 
6 0 0 0 0 0 
6 0 0 0 0 0 
6 0 3 3 3 3 
6 1 3 3 3 3 
6 1 3 3 3 3 
6 1 3 3 3 3 
6 1 3 3 3 3 
6 0 0 0 0 0 
6 0 0 0 0 0 
6 0 0 0 0 0 
6 0 0 0 0 0 
6 0 0 0 0 0 
6 3 3 3 3 3 
6 3 3 3 3 3 
6 3 3 3 3 3 
6 3 3 3 3 3 
6 3 3 3 3 3 
6 3 3 3 3 3 
6 3 3 3 3 3 
6 3 3 3 3 3 
6 3 3 3 3 3 
6 3 3 3 3 3 
6 0 0 0 0 0 
6 0 0 0 0 0 
6 0 0 0 0 0 
6 0 0 0 0 0 
6 0 0 0 0 0 
6 3 3 3 3 3 
6 3 3 3 3 3 
6 3 3 3 3 3 
6 3 3 3 3 3 
6 3 3 3 3 3 
6 0 2 2 2 2 
6 2 2 2 0 0 
6 2 2 2 0 0 
6 2 2 2 0 0 
6 2 2 2 0 0 
6 0 2 1 1 1 
6 2 1 1 5 7 
6 2 2 1 1 5 
6 2 1 1 1 5 
6 2 1 1 1 5 
6 0 0 2 1 1 
6 2 2 0 0 3 
6 2 2 0 0 1 
6 2 2 0 0 3 
6 0 2 2 1 1 
6 0 2 2 2 2 
6 2 2 0 0 0 
6 2 2 0 0 2 
6 2 2 0 0 0 
6 0 2 2 2 2 
6 1 1 1 1 5 
6 1 1 1 5 7 
6 1 1 1 1 5 
6 1 1 1 5 7 
6 1 1 1 1 5 
6 0 0 0 2 2 
6 0 0 0 0 2 
6 0 0 0 0 2 
6 0 0 0 0 2 
6 0 0 0 2 2 
6 3 5 7 7 7 
6 5 7 7 7 7 
6 5 7 7 7 7 
6 5 7 7 7 7 
6 5 7 7 7 7 
6 3 3 5 7 7 
6 3 3 3 5 7 
6 3 3 3 5 7 
6 3 3 3 5 7 
6 3 3 5 7 7 
6 0 0 0 2 2 
6 0 0 0 0 2 
6 0 0 0 2 2 
6 0 0 0 0 2 
6 0 0 0 2 2 
6 5 7 7 7 7 
6 1 5 7 7 7 
6 1 5 7 7 7 
6 1 5 7 7 7 
6 5 7 7 7 7 
6 2 2 2 2 2 
6 2 2 2 2 2 
6 2 2 2 2 2 
6 2 2 2 2 2 
6 2 2 2 2 2 
6 2 2 1 1 1 
6 2 2 1 1 1 
6 2 2 1 1 1 
6 2 2 1 1 1 
6 2 2 1 1 1 
6 2 2 2 2 1 
6 2 2 2 2 1 
6 2 2 2 2 1 
6 2 2 2 2 1 
6 2 2 2 2 1 
6 2 2 2 2 2 
6 2 2 2 2 2 
6 2 2 2 2 2 
6 2 2 2 2 2 
6 2 2 2 2 2 
6 1 1 1 1 1 
6 1 1 1 1 1 
6 1 1 1 1 1 
6 1 1 1 1 1 
6 1 1 1 1 1 
6 0 0 0 0 0 
6 0 0 0 0 0 
6 0 0 0 0 0 
6 0 0 0 0 0 
6 0 0 0 0 0 
6 0 0 3 3 3 
6 0 0 3 3 3 
6 0 0 3 3 3 
6 0 0 3 3 3 
6 0 0 3 3 3 
6 0 0 0 0 3 
6 0 0 0 0 3 
6 0 0 0 0 3 
6 0 0 0 0 3 
6 0 0 0 0 3 
6 0 0 0 0 0 
6 0 0 0 0 0 
6 0 0 0 0 0 
6 0 0 0 0 0 
6 0 0 0 0 0 
6 0 3 3 3 3 
6 1 3 3 3 3 
6 1 3 3 3 3 
6 1 3 3 3 3 
6 0 3 3 3 3 
6 0 0 0 0 0 
6 0 0 0 0 0 
6 0 0 0 0 0 
6 0 0 0 0 0 
6 0 0 0 0 0 
6 3 3 3 3 3 
6 3 3 3 3 3 
6 3 3 3 3 3 
6 3 3 3 3 3 
6 3 3 3 3 3 
6 3 3 3 3 3 
6 3 3 3 3 3 
6 3 3 3 3 3 
6 3 3 3 3 3 
6 3 3 3 3 3 
6 0 0 0 0 0 
6 0 0 0 0 0 
6 0 0 0 0 0 
6 0 0 0 0 0 
6 0 0 0 0 0 
6 3 3 3 3 3 
6 3 3 3 3 3 
6 3 3 3 3 3 
6 3 3 3 3 3 
6 3 3 3 3 3 
